.Random.seed <-
c(403L, 10L, -1076328919L, -1012945445L, 399700714L, -1214848884L, 
-23654449L, 723994501L, 397337660L, 1820230930L, 1110872589L, 
72247623L, 1325890350L, 2037880456L, -2131714165L, -1574449303L, 
2072559928L, -318342170L, -740168831L, 1723810579L, 70937794L, 
146655092L, -916886665L, -819483539L, 855098116L, -1976853974L, 
-972163179L, -1471595473L, 145298742L, 401448288L, -101000285L, 
1905163457L, -78103376L, -714630194L, 610074425L, 1123622731L, 
521415930L, -1801177604L, 927376959L, 1607949077L, -673073108L, 
508635394L, -1263402531L, 1675714775L, -1287689282L, 192372216L, 
286984667L, 504531001L, -2132954744L, -1268753098L, -1511053455L, 
959468963L, 561203442L, 1385280580L, -1155748089L, 593321693L, 
1912987604L, -582873350L, -1146400187L, 209142431L, -416436186L, 
385111216L, 504296787L, 1605316721L, -296874592L, 1663402302L, 
2091937865L, 353121531L, 908811466L, 573858348L, -1295149521L, 
403691237L, 443800476L, 1164881394L, 873691245L, 235770279L, 
1385505742L, 1418283304L, 1632484139L, 2070976841L, 550489688L, 
55033606L, 1407183585L, -650551693L, 285673186L, 2116631124L, 
911164247L, 333227853L, -166151452L, 1316717258L, -1529406667L, 
2002162063L, -191846762L, -191396288L, -1702199549L, -22464735L, 
-1477910512L, 774404078L, -256559207L, -427683797L, -1067424486L, 
-1280956452L, -742945L, -81416779L, 1263762252L, -2024924766L, 
-697771779L, -1280981513L, -306035938L, 820706776L, 1010308923L, 
-881098535L, 1119095912L, -828624490L, 41365777L, -1467473213L, 
-1079665966L, -1956435100L, 297590439L, -1338062851L, -2055732748L, 
135868122L, 1375113253L, -1063002817L, -1903938874L, -1813618864L, 
-1768439949L, 1785151889L, -1255566400L, 2114057630L, 860014441L, 
-1973075045L, -1476154710L, 1128694988L, 42974607L, 261822917L, 
1234918780L, 1294558674L, -106077875L, 1397695495L, -196783122L, 
1086651080L, -562907701L, 1127477289L, -186509704L, -97471578L, 
-859171391L, 538096211L, -1769621246L, -1261522892L, 890554807L, 
1591483821L, -408389948L, -827237654L, -257581739L, -1677438225L, 
1384100086L, 208752672L, 1247457763L, 698929793L, 816266480L, 
2081551246L, -382186247L, -886016373L, 904955578L, -1631712836L, 
181435135L, -1678328235L, -1296774804L, -1443145278L, -846573027L, 
-1190868329L, -2055732226L, 1396170680L, -1978707045L, 41155065L, 
-1957820088L, -972082058L, -112008783L, -857387037L, -1718301518L, 
682131716L, -1696437689L, 208309533L, -1244677228L, -1828851910L, 
-1725557883L, -238843809L, -1119110426L, 507298160L, -1699263853L, 
-2089684175L, -828395040L, 735430270L, 1415884041L, -32932037L, 
205199114L, -1874131220L, -1976568977L, 1614120101L, 1174615644L, 
-1539424718L, 96804141L, -1031697433L, -760190194L, -337965848L, 
156641003L, -1158920311L, -675515624L, -1458059706L, 334583457L, 
-515131085L, -530933598L, -416868460L, -1084049897L, -704355827L, 
1455716132L, 493564682L, -951271819L, 1395654095L, -1550047530L, 
722578048L, -1253370685L, -34876831L, -120739120L, 1673120814L, 
-1158405671L, 28622315L, -1194665894L, 553216732L, -412558510L, 
-278027648L, -1060419500L, 670340072L, 523462394L, -705228464L, 
1781328684L, -1226354828L, 1796909970L, -1583997344L, 1391361932L, 
1038148448L, -1807122462L, -2069553240L, -840653620L, 818056700L, 
52224946L, -824045072L, 1311420868L, 2136023384L, -1538259590L, 
-528424528L, -936857668L, 1692778580L, -930217022L, -1944347616L, 
724868284L, 541639248L, 1219708898L, 1333571176L, -646006196L, 
-1526652676L, 1087492082L, -669182720L, -252506252L, -334180344L, 
1516555706L, 147621328L, 1060207596L, 1560072084L, 1805050834L, 
911734624L, 1278709068L, -1574437600L, 1768317826L, 1568752360L, 
-1228266260L, 946483772L, 1163449202L, -1926862224L, 1546371108L, 
361500472L, 769406106L, -1320953136L, -1688385348L, 557921940L, 
2030063234L, 1445604544L, 1399488828L, -510437232L, 1263563298L, 
2120216072L, 1188686092L, -2128397668L, 1671984658L, -184842880L, 
285918740L, 813530664L, 2146792762L, -1566709808L, 574300780L, 
-1971925196L, 1832569490L, -1783158432L, 1521080652L, -7749664L, 
1666525090L, -971919448L, 462672780L, -1829718340L, -1840981134L, 
-1874183952L, 2028499012L, -1394807464L, 826565690L, 380148592L, 
654519356L, 2023961364L, 652173762L, 1366180064L, -1631320196L, 
1613252304L, -1086794078L, 891841576L, 963670284L, 419789756L, 
-2089296590L, 1999656896L, -1361460684L, 1694759880L, -300882758L, 
-349466736L, -250593812L, 2062114900L, -284848494L, 1868526368L, 
1607456204L, -286344224L, -281630014L, -1128945112L, -2121234772L, 
-1295439172L, -236537358L, 805955888L, -2005607260L, -516797768L, 
-986221734L, 2011796880L, 1562526076L, -65538796L, -1784139454L, 
1971796736L, -2029691972L, 174711632L, 396777762L, 1991638344L, 
1221986316L, -1977483172L, -204722990L, 1201063936L, 297827156L, 
-349541912L, 1647615994L, -1794285872L, 261059884L, 2121486580L, 
1156675474L, 1819384928L, 1342074124L, 1142849248L, 243588450L, 
1538110120L, -1664095668L, 506939260L, 1389722418L, 387589744L, 
-1159410364L, -1849074728L, 670834810L, 1634514480L, -970796356L, 
231450452L, -1173532094L, -1583590496L, 692596924L, -903591472L, 
133182818L, -1586185240L, 1295630284L, 89560828L, -1434755086L, 
-1891865472L, -1459488524L, -958131064L, -1404836550L, 1190241104L, 
-6157204L, 269717652L, -2070300334L, 1439368928L, 1518010572L, 
710684832L, 777793922L, 1168797928L, -1101569812L, 1341898812L, 
-1494204302L, 346335344L, 1087134244L, 284082744L, 1145229850L, 
1491695824L, -1974397380L, 67114132L, -1051810686L, 1567764416L, 
1870550332L, 731604624L, -581649374L, 6309896L, 589378700L, -1040005092L, 
-328235886L, -405029760L, -1193427948L, 806163240L, 1067928634L, 
-1705886512L, -174207892L, -113740108L, -3661806L, 1981284320L, 
-2053311540L, -1499548192L, -2022786014L, 1793258792L, -640392948L, 
-376676804L, -1230383886L, 888641776L, -1357641916L, 1608843352L, 
-1217758662L, -78124816L, 1842934460L, 1010455060L, 1972079810L, 
1189979744L, 1878734204L, 364793040L, -2145805278L, 377489576L, 
894451084L, 264317372L, 154949682L, 1323793216L, 1452160628L, 
932303109L, -1728155825L, 1230874952L, 1296397542L, -435918317L, 
-1640370827L, -1063874222L, -202327648L, -257986423L, -991242053L, 
-1439067380L, 1846391450L, 426743823L, -568394663L, 1108725998L, 
1791202172L, -1511669779L, -1528858473L, -842226848L, 780321598L, 
382323723L, -1596314483L, 1669295546L, 1190675448L, 1165533089L, 
-393184941L, -1239631756L, 1778092546L, -1238047593L, 171984481L, 
836849318L, -842205532L, -1361681579L, -535199745L, 369893016L, 
-1044651082L, -1379440573L, 1828053381L, -161783262L, 1448347920L, 
-1826490183L, 465493355L, -1847917476L, -1717130870L, -51790465L, 
1252798665L, 2140374366L, 944846348L, -1359435299L, -524011289L, 
-903365360L, 112546862L, -1653568805L, -1962959939L, 606737706L, 
562432456L, -1658218767L, 1486108771L, -1014498204L, -999313518L, 
-1455020953L, 777055281L, -24382090L, -1138421100L, -1352748891L, 
-875878993L, -96215448L, 1287300678L, -1936841741L, -452394155L, 
-1117180622L, -1148149504L, -1553950231L, -752677797L, -329144660L, 
-1465773894L, -815699345L, -1311590407L, -446892402L, -1044613284L, 
1466158029L, -840766665L, -2024181312L, -825440610L, -323039381L, 
175920877L, -864222374L, 913367064L, -877376127L, 1312463667L, 
104597844L, 643480418L, 1486444535L, 61036609L, -739013434L, 
1065953796L, 172271029L, 643054239L, 59316984L, 891563734L, 2110684003L, 
-1748569307L, 1043300546L, 1498779056L, 1380855257L, 1779878731L, 
-199853636L, -1032398358L, 590683679L, -1849852759L, 1105290302L, 
-1821672148L, 770467709L, 1624573383L, 1955930288L, -1598677298L, 
529032187L, 1515840605L, -1175094390L, -868693080L, 1986021649L, 
714801155L, 1301316356L, 1370013490L, -381215353L, 2055766993L, 
-1164206762L, -2064755916L, 663195205L, 528292495L, -908127224L, 
-556711898L, -1640906541L, -1002278347L, -1743498862L, 1097536864L, 
-629801783L, 1235517435L, -1702363188L, 325915226L, -2027819185L, 
1982275097L, 709172270L, 831554108L, -1203699795L, 332445783L, 
